-8.26997 -73.6924
35.7729 -56.2082
3.88327 86.9386
5.94004 -93.0856
-86.6316 -98.4604
86.0873 37.3545
30.7838 5.38576
52.4396 40.2381
-34.3532 -90.5071
-26.9323 51.2821
50.6712 96.5101
76.9414 -85.4628
-4.45365 -12.7177
-66.6986 -45.0186
-87.8871 79.5313
-36.1934 0.904579
-81.8534 -1.20466
-23.1716 -85.2502
-7.11084 82.7635
54.0409 -89.9832
37.6911 -74.9269
45.0824 25.9087
-38.7356 77.7144
69.1963 2.65474
-16.9211 68.3021
-64.3345 -6.41653
-93.3892 14.331
49.6585 -0.303976
68.4079 78.1475
-73.9145 -57.4497
-17.1413 -45.0824
-52.0178 41.9639
30.4117 -36.4921
-22.4549 36.2692
69.1151 -70.4934
-70.3697 91.0818
12.9797 -18.2467
92.219 -2.29709
25.8538 -60.0486
60.6146 30.2507
-59.3499 -4.71364
-71.5958 80.3347
77.1297 -17.9374
-26.9322 -67.5603
-8.93854 -72.9781
86.3349 -9.53997
81.7844 -56.9503
1.19118 72.172
-7.551 63.5123
64.9395 26.5477
90.883 40.4413
2.88693 -42.1368
75.3131 -17.1943
43.1285 45.9495
-96.1815 41.3071
-86.9612 4.99748
36.4098 -2.21137
78.0037 83.3268
97.8725 -72.161
2.93189 -10.7953
61.33 -12.0549
-69.2791 -57.6962
-99.8242 23.2701
-16.4553 45.467
67.284 36.1124
-83.6525 65.7416
-57.2906 25.9144
89.509 -22.2354
-43.193 -46.1571
-43.5688 56.773
96.6472 -97.7368
-20.3713 63.9452
-68.4538 -64.6239
-79.6725 -48.5663
58.954 26.9435
26.686 50.5881
-36.2444 19.6433
5.22466 -76.5126
40.5979 17.5978
72.0451 -67.6625
-36.7985 11.3672
17.6238 5.70965
-25.9547 -13.8304
-22.4338 -10.6268
-49.2155 -84.3474
45.7217 35.2474
88.0326 88.9506
32.2711 -7.91317
-69.9212 21.1279
4.56154 -31.2365
28.5958 -97.0099
94.0173 83.5695
-8.84968 68.7951
41.39 -95.5833
50.342 -12.6723
50.7725 39.1358
-84.0166 -99.1492
49.3358 80.6602
3.69568 -98.7317
-56.8348 8.80454
41.864 25.3723
-25.6181 -43.9422
-79.2405 -37.9662
-88.9442 55.1761
-40.5956 -67.9452
3.9977 -4.43914
66.7364 -69.9377
-33.765 15.5552
-99.6685 97.3766
-2.06966 -94.1289
7.25335 47.7917
-62.3448 -75.4986
-74.8134 22.8251
67.6203 90.8057
-15.1328 -48.1972
52.1235 79.5828
33.1007 -9.62975
9.39497 -58.0875
-13.6183 -64.8051
67.2413 37.4829
-83.9294 94.6692
-49.9689 53.8875
49.8503 53.8228
-92.7265 36.3332
30.5244 -55.6665
-53.2617 -25.7069
-68.0485 -66.8145
89.8314 32.3987
-96.4111 24.2091
-89.2611 44.3743
-86.9287 3.83497
-34.1888 95.436
-65.7241 48.6548
-49.0085 87.9451
-67.9834 -75.2302
-26.2876 -78.963
15.3552 -34.5545
39.9582 51.6492
-27.5833 87.0483
-51.9119 -8.98552
-42.0467 -15.6843
5.48782 -56.7228
42.3129 72.7286
-8.04745 -23.4357
-99.3542 59.0705
-62.6351 32.9378
89.2089 -73.1922
-30.5017 21.2003
66.8677 1.93165
26.3527 -34.1131
53.413 -91.7159
-55.8969 3.86064
41.2923 -82.2015
-24.3268 -47.6443
-6.1003 -53.4785
-93.1514 95.4477
18.3176 -93.6722
7.30565 -34.0842
93.3819 -19.2838
-70.3219 73.5028
86.3829 27.9047
14.5613 63.0814
-68.9172 89.0501
-80.6923 -31.2773
71.3752 -95.519
39.6921 34.9049
-30.8257 -61.6032
-55.6687 -71.8579
-94.7321 17.2032
-84.5351 52.4688
-13.9108 85.1006
20.3275 66.2512
-67.7161 3.86733
6.28546 14.8721
9.74726 33.4099
14.3165 33.5931
0.454946 -11.7374
4.41269 -93.6687
-78.5639 -92.9881
22.2221 10.3659
-2.66377 54.4061
-2.6301 39.3991
-44.6706 42.09
6.09791 -43.9793
19.4952 -52.9195
64.2355 84.0505
79.9042 -53.9461
87.1872 30.3029
90.4862 71.7532
40.4943 -75.41
-80.0269 -78.4522
51.5242 -31.0847
14.6366 -33.8483
94.8696 -59.5036
60.9825 -1.63185
-70.1497 -68.084
-15.1733 -23.8783
-87.9715 30.2589
80.2436 79.5314
-93.7192 -65.8408
-44.5604 4.44293
62.3791 17.3724
15.9725 87.9743
-62.0903 76.1568
-85.4262 43.7839
-82.0294 75.812
34.9386 -16.6407
53.872 62.6094
-2.70586 79.3048
37.5156 -24.5031
-4.47184 -84.6356
95.1762 -52.3961
-27.52 36.2398
-85.2978 58.8556
-0.0685338 -3.22543
-70.7609 86.5687
-18.3645 -83.9356
-60.384 92.632
15.1358 -60.7385
-26.3595 17.1349
-70.2425 20.0265
-19.452 99.0801
-25.1501 63.9054
29.299 -4.04428
-28.4656 59.807
-71.0205 -33.1386
-37.0602 33.3713
84.1659 20.4499
-47.1733 3.30629
26.9239 66.7296
-68.8254 -8.39083
58.9762 33.1946
-35.8777 -42.2691
-53.6209 43.831
-85.2299 -25.3281
-15.4895 13.2365
-28.4949 -41.3913
-7.38826 17.8838
-89.9037 88.8904
72.8343 19.1854
66.6756 -79.0841
-96.2168 31.7187
4.61449 -61.0642
67.4164 43.959
28.6053 31.9775
-35.3142 6.97524
-44.6665 -11.5259
67.2751 -76.5524
7.19127 -33.4143
-51.3543 85.978
-50.6053 19.3446
67.1994 -60.7644
34.3296 24.6485
-76.8787 74.2568
-9.09057 35.2131
71.0165 -93.5461
-88.008 32.2851
-64.716 -44.1014
18.8318 79.4489
13.868 38.1863
-59.3683 -13.0994
-51.14 -45.5114
92.2872 -4.60966
56.4949 -56.518
14.68 92.011
0.370749 -74.1914
-76.3205 1.0118
-22.6585 33.7809
-75.3111 66.2193
69.7391 29.6151
-27.8065 -78.8875
16.1939 43.8409
-66.1781 -68.5691
77.3021 34.2703
39.9278 -31.6304
-43.5561 58.3965
-85.3633 -66.0078
-67.0801 50.0342
-13.2143 54.6405
-46.7426 85.8643
-57.2168 58.556
85.7055 -23.8745
-28.7332 23.3126
58.2281 -60.4199
-77.0941 -96.3498
-23.5174 30.9258
82.8736 -33.7417
66.3102 -21.3098
88.4139 -74.0781
14.3783 -29.5879
63.4634 68.8403
-30.1686 -12.9249
48.916 83.8237
22.4115 55.2835
-74.8156 -37.0785
-74.7938 -73.3413
-8.21725 50.105
36.7892 -53.0648
-75.9647 70.8473
-87.9475 88.8385
-54.5023 -71.7641
-89.2546 19.8388
-93.6323 62.461
34.2159 94.8934
17.9416 -52.3566
-10.4372 -54.4475
2.69979 86.6011
21.8936 71.9021
28.878 24.801
-58.4501 -94.7999
-75.8619 12.0649
8.52006 -72.4569
-27.4814 77.3199
82.6004 -40.1578
59.5745 94.0598
38.7852 -10.2559
-19.6891 -6.35814
3.5191 -6.55824
-72.6012 79.8535
-18.1443 37.8268
-61.4707 -93.749
-18.2747 -45.0263
26.5877 44.4586
-30.7137 -99.9449
-36.2901 -1.55852
-22.6174 -72.3996
53.1064 -88.773
99.8184 92.3841
-60.1999 -30.0435
-59.6766 8.5649
21.604 2.7518
-70.6657 59.6901
14.3254 4.7569
68.9281 35.7419
48.8149 -33.5855
11.0905 -19.4433
22.7852 22.9003
-31.3021 -92.0673
-15.2309 -65.7213
-26.8712 46.0745
-16.3669 -82.6788
12.7967 -34.9475
-87.9517 6.37204
9.903 -77.9736
-88.1306 -74.5526
71.7022 83.5954
69.2651 9.86047
94.6386 32.8691
-43.3335 -68.1307
-87.4228 19.5913
-43.5538 89.8788
-60.2739 -13.8351
34.5478 51.8393
-66.3035 36.673
-99.2363 84.1871
33.6547 -64.3696
-6.60652 3.49644
-10.9758 -81.2713
76.4701 30.4093
-96.7851 -59.2173
12.2266 -78.1834
-93.992 -50.9011
9.48025 77.2703
87.3217 -2.59042
50.6674 9.7813
-23.9147 -65.5083
-39.7221 93.4076
-49.9288 78.0906
41.6958 67.9113
-81.6933 5.26002
-38.4282 56.4261
29.0692 51.3253
-8.96016 -69.1535
-18.1885 -67.5144
97.0862 -66.5429
-29.1347 -33.286
28.2752 -35.5699
-84.3572 -92.4634
-49.4563 -1.7756
-99.6671 31.7228
91.1031 -79.826
-76.7116 -66.9187
-55.9219 92.1912
-51.3978 -49.0874
70.3299 9.84569
80.3993 11.5221
99.658 51.9395
49.1044 -24.992
28.333 53.2627
72.6721 -79.5064
-41.7668 86.195
66.1338 95.08
53.0418 -62.0756
-24.9126 -93.5322
19.3895 -61.3705
55.3968 9.8957
76.7129 41.6797
-0.0453702 98.9322
37.9415 49.687
-43.4345 -65.7546
-20.1384 82.1706
9.67303 80.4987
-52.8332 -47.3695
-9.42337 -32.8789
63.841 33.4209
49.2568 8.35925
-18.65 51.7398
32.2355 40.4559
-39.7074 -44.7213
80.4608 90.8583
-18.0084 94.848
20.4013 59.2076
-85.3923 -78.0146
-21.8134 -23.3238
39.8059 11.8218
-22.5234 -97.7714
-46.2829 13.138
61.662 -67.6759
29.6309 -61.6658
-24.209 -85.429
-56.7509 -1.34905
78.4298 -29.3747
96.4336 -12.1699
-71.3511 15.3276
-83.4805 -0.0329667
-25.0757 -65.4146
-50.9146 -67.0631
-49.8508 58.2313
3.05809 9.96274
-17.5579 -29.6262
13.7264 83.1375
61.271 -19.8954
-73.9802 -91.3186
-58.5582 93.844
-38.7877 66.1366
-33.4263 96.9844
36.3312 -83.5211
-67.2127 -59.1694
74.3653 -60.507
-50.5949 -81.8509
73.5983 3.41396
97.3458 19.3405
37.2862 64.5597
-20.6689 25.5997
-4.44826 -15.9897
-41.0414 62.7245
-14.1517 -5.13597
31.6129 -7.19343
33.5247 12.4612
-44.0616 30.493
-88.1606 -98.9637
-49.2677 -57.0681
-5.36193 47.6325
-49.8691 84.6123
-5.21558 36.7819
67.0133 1.27801
-70.2593 94.6203
54.1236 -20.7024
27.2642 -9.10432
-45.5729 48.4004
57.5414 -63.9184
68.2232 -84.549
89.1926 88.9621
65.741 -24.5642
72.2859 -54.2798
73.8027 90.9303
-16.5085 50.0208
-27.5885 -19.2585
64.7159 -59.2148
-16.6321 93.1673
-16.9799 44.9927
97.486 20.672
-73.9645 -99.1596
-52.6334 35.5665
-70.8014 36.1487
-85.2576 19.7559
46.5197 -59.4072
48.0954 91.643
67.832 -56.9106
-45.8597 -56.2751
24.5628 67.169
45.0469 -8.45351
-79.5485 -17.4328
-51.5044 -12.8455
8.92805 26.3685
-90.3471 -84.2118
-32.3095 -5.93397
-44.2873 70.7596
74.0752 40.6664
6.18612 -63.6038
-52.9346 45.0583
64.4601 -52.4507
-92.268 73.5777
-28.9495 -2.45756
-37.9345 -66.9914
81.3414 -69.9258
65.8662 18.3429
16.4234 -57.7315
-38.495 -68.9883
-93.0058 -26.2782
54.1188 -86.9545
93.4506 -39.4258
-69.1139 39.565
37.7974 13.0921
-67.6405 -8.23185
61.0987 -97.5077
15.1305 12.6979
2.1651 45.6906
17.0363 -5.04498
-30.9622 45.1244
51.5143 -93.4086
-67.4934 -18.1714
-65.6542 -93.0661
64.0184 89.4061
67.0069 -33.4723
-88.1908 -11.7221
-58.2229 28.8572
-26.596 37.7701
62.6469 -75.2554
46.5774 8.1111
41.3639 9.93646
41.0596 44.1896
-63.1286 -23.5601
40.047 -39.1719
-64.1524 -1.94799
5.53783 -53.1978
34.9222 -32.2133
64.1866 19.3474
-72.2625 -89.6252
-95.5498 71.2122
-80.1651 -44.8833
59.4765 56.435
25.3648 -96.5544
-35.8761 -37.6025
47.411 62.8576
-36.7644 -74.0495
76.7622 -79.1805
75.6422 23.2253
60.7591 -24.6077
-87.3864 29.5746
-33.7435 18.3788
-68.2291 -49.8605
-85.6037 42.9528
-52.4284 -62.8245
-31.1207 -61.4488
96.0282 -36.5976
85.7805 32.4355
30.2479 57.2474
-48.5627 -63.7682
-3.25537 -95.1415
77.097 93.5335
-61.6313 73.8562
63.5892 -54.8461
-63.3885 8.74269
-44.105 78.729
38.6456 -29.6462
-51.1954 -91.3684
-29.7808 14.1356
-35.8512 -42.1441
86.7855 32.49
-38.4949 59.0029
-88.1634 -35.4186
3.17514 -60.9992
22.4729 8.64502
28.6443 96.2578
-65.6638 -61.7387
-20.5227 85.7577
60.265 -60.8168
14.1858 64.8519
-78.1708 -83.1522
31.9391 48.8228
-64.8426 1.36132
-9.07414 -46.3984
-65.1611 91.783
19.3241 3.15829
-30.8219 48.6283
-80.09 92.5844
58.8479 -79.1184
-72.0326 -23.9799
-75.7993 -80.6268
15.9152 42.6559
99.0668 17.5295
-24.8259 -87.0736
96.5761 -52.3078
28.3344 -73.1773
-29.7802 31.1303
-65.6827 75.8681
-80.7985 -3.31461
-75.9101 -75.386
-15.6819 -73.1819
13.9856 -48.4325
-69.1244 -62.5842
-80.5673 20.1224
83.4047 -31.3407
-50.9085 86.2589
17.351 60.0064
3.28819 62.369
-23.3087 31.7731
11.9245 -61.1099
-47.2033 40.3535
-89.7647 -76.5052
58.7951 -90.5496
-55.3623 -43.9776
-40.1525 1.62745
-70.6672 -77.9436
37.5178 64.478
-67.3922 -54.7728
-83.5302 39.8002
-53.1761 -74.5679
-26.275 71.5391
37.9311 -59.7826
-97.3715 52.7248
-63.1575 -52.8802
-89.1406 75.3393
77.0972 87.3854
-64.8841 -35.6156
97.1579 -67.4574
87.6727 28.7994
-11.4358 55.5446
-31.8334 -73.6955
45.0697 -26.7373
73.2077 54.638
31.047 -15.9113
-5.36159 24.7859
-47.2508 53.9569
13.2255 -82.4161
-71.6728 -39.4531
50.4447 43.9282
38.2221 -87.0933
16.3655 99.2118
-6.72979 -95.046
-57.3586 -17.1636
-62.9252 67.0208
-6.56546 63.492
-34.8331 -21.111
2.15524 82.1658
88.4213 -69.8548
-1.94559 0.635462
80.7226 -44.8563
80.4505 -90.5628
-38.772 7.00231
92.0919 -26.6961
16.7365 31.9027
-25.618 3.3915
-91.1251 7.69822
16.055 -79.9136
63.2422 28.3407
-66.4143 26.8462
34.0051 48.7672
86.3059 47.9455
-27.4235 -87.772
-47.0708 -64.8383
-3.84968 12.8226
62.6761 39.8955
-85.8819 -99.593
94.4955 -99.9987
-37.0378 19.235
-54.4784 60.726
-59.5361 -46.6595
17.3587 29.1603
-57.2765 -14.1704
-29.2738 90.6946
-55.8722 -73.2887
36.4993 -72.6356
-48.1002 43.9494
-60.6697 99.4307
-87.7518 -68.7769
-29.6251 23.8244
-70.7114 -28.274
72.5984 4.17776
72.0143 90.7183
90.0546 81.4513
-26.4888 80.3667
-34.5001 -96.6512
86.017 16.6041
83.2988 74.4762
-72.7538 70.9066
25.5414 -71.2298
22.1875 73.3118
-26.5671 5.57457
-40.7779 9.98944
-62.5731 15.5168
9.69637 54.2638
52.7098 -94.8179
56.8767 -2.9948
71.6233 -94.1528
-33.5117 46.0302
62.4007 -52.0422
-61.0695 -79.6643
-59.1815 -53.5727
96.2337 -86.7853
-27.0741 5.48406
-9.64485 -44.6705
86.5749 -0.757178
-45.9308 -10.8462
73.2684 -69.9535
83.7205 87.3007
-65.5587 -92.9984
8.74316 -43.1036
-93.668 -99.6056
-69.7845 22.963
-23.5486 22.1461
45.9904 -9.42238
-78.5372 -71.5488
-73.6107 93.6883
78.5331 -74.3925
-92.2342 21.3861
-66.5461 -53.4265
-3.04263 -86.3371
-71.7317 36.6513
-53.8946 81.4772
-56.1696 -50.2492
-54.8603 30.5909
-98.4188 -81.7294
38.2459 72.3591
89.4343 -48.4677
-60.1819 -43.7429
22.104 80.3754
-96.0748 65.5646
28.4108 78.0644
-81.1597 73.1806
3.72577 72.255
-98.9021 -2.85293
10.7137 -66.7297
38.0332 95.0914
-45.7704 37.919
-53.1369 -15.8209
-79.5521 -15.6995
-7.71332 -13.8492
51.5734 26.5114
13.2394 -15.4799
20.6118 -13.4353
-53.7199 -4.9685
95.7636 2.96223
33.9625 -14.8948
56.4579 -60.608
-70.9014 -61.0516
-2.42175 46.1811
-94.3754 52.9535
-78.0538 31.3758
-11.1974 55.6438
18.7974 -69.1718
20.4463 66.9889
-2.42899 -60.0873
-18.1859 40.035
-65.0293 80.1182
11.7814 84.7779
6.51255 -2.74241
-68.3461 18.6995
-18.6046 43.7081
-88.2655 -97.7977
-51.8413 95.4231
64.1452 -27.6799
-33.2433 -37.0793
-26.0757 29.1311
-90.6798 -69.359
13.5501 21.5711
26.647 -16.6516
-50.8593 39.252
29.1719 66.2815
-33.0211 45.9024
18.3988 93.0144
10.7604 -94.6392
-0.500479 -41.96
-98.5325 -39.5618
-14.2727 50.6632
-9.44876 -98.8711
34.5989 -12.1753
-18.5127 10.3982
-41.0061 -0.868216
-33.2046 72.7063
-77.9702 73.261
74.0777 -97.1014
81.9239 -81.3196
69.8717 51.5703
-30.6983 99.0916
9.87462 -53.7864
-60.2499 -82.1318
-1.05195 85.9479
51.0843 -27.4639
-11.3831 36.1113
44.186 10.5602
56.9377 39.9182
58.0189 71.7157
0.946123 -7.70809
-96.6052 2.34555
87.3734 -13.2125
-1.13557 55.7855
89.005 -83.9278
1.8195 41.5652
-26.5634 -84.1939
-65.1992 -25.5683
91.0068 -80.8047
22.1989 -22.1849
-9.17868 -60.5453
52.4644 -26.5901
38.4062 -80.4907
-64.623 -55.9154
-50.7704 62.2401
-47.0517 13.5653
-89.4167 -10.7051
26.1383 82.7516
-29.3087 95.1576
92.223 69.5775
73.5568 71.6549
-29.3151 -98.6779
48.8147 25.3723
-2.9447 -48.5976
-1.64928 -71.4196
93.5992 -40.8952
43.7788 14.3469
46.3165 55.0291
62.6565 -17.834
17.4206 4.87774
-45.7136 47.257
-14.8996 48.2678
-77.3084 68.9062
-42.466 36.9121
32.3189 -50.1672
-3.56012 -96.1967
-19.0406 -74.9924
-33.3152 -3.55458
-19.9434 -89.9803
-14.3171 21.8638
-80.1335 -14.6332
13.798 -4.79593
-23.9098 -83.7172
-61.2491 27.2201
18.3896 -88.0691
63.0517 77.1381
-71.4118 59.0895
-37.8738 -56.8861
94.1043 21.7496
52.1465 77.1948
-16.6478 -55.7896
-12.0732 -79.2498
54.9572 56.3172
63.2079 -90.5878
-84.8451 12.3118
15.7967 -46.461
83.1635 28.0309
1.95054 52.4349
55.9207 91.2315
10.8617 90.8032
-17.6284 82.1475
46.6847 -9.02094
24.2494 58.3229
36.8744 10.0135
19.4784 49.8662
-58.1881 64.9811
-38.8383 80.1703
-6.94199 -34.6609
64.0252 -71.8426
74.2451 -44.597
-53.1531 57.7408
84.066 13.8427
62.9404 95.6912
82.1388 72.8496
66.1244 25.9772
56.0183 13.1612
25.9453 5.1858
-17.635 -87.3409
-28.3519 33.379
25.3159 1.90187
-13.613 89.9504
42.7176 -90.3596
57.6349 -73.1331
-57.7159 -9.56525
60.7178 -8.73361
98.5731 -67.3163
-31.6661 -22.1913
62.666 -58.3101
-43.2709 -12.8452
2.57854 -27.2767
67.4635 -32.1444
-23.0084 7.03226
-77.8761 -83.2907
11.5577 -46.4165
80.1888 79.976
62.3706 -52.1063
-13.6678 66.2774
-56.2404 48.0308
73.5729 17.6365
-10.5017 36.4382
13.8907 -64.0424
-6.97396 -12.2
-32.9309 -14.8475
-73.1091 83.0983
90.5699 -70.794
84.5943 -23.2566
10.7037 46.0006
-61.4783 73.2369
-54.9615 73.111
9.3861 83.615
59.2583 -43.8222
-56.0256 -41.5595
-93.0002 86.4315
19.7677 6.78097
11.6465 -7.40197
-10.5621 54.6809
-41.194 13.4202
7.00504 -88.1979
10.4158 67.7491
76.68 -46.3334
20.2343 65.6863
1.34954 76.5439
54.1234 -44.4186
-29.4668 -64.7413
99.046 39.6771
-73.1838 20.4682
-56.6569 -22.6465
-72.0064 97.9055
72.1657 63.8313
-34.9438 81.6418
-64.9084 -98.8684
33.9409 -92.4572
98.2203 39.6445
72.3935 -39.3337
-6.66628 -83.0679
-0.466127 95.6101
-19.6504 34.6074
-85.2446 88.7978
55.7351 -69.2446
-52.4386 6.99038
0.191249 -86.7068
-10.3535 -91.1047
22.5632 -64.4424
33.6154 4.60377
41.1735 7.53928
81.002 76.6395
83.1743 -31.2654
98.8839 9.36263
-40.0892 52.0198
-57.5681 70.3842
89.9556 87.8632
30.1868 -68.9957
45.0051 -9.86087
-5.41234 -46.4123
89.8902 66.4307
17.6375 17.2782
36.9703 -78.5847
71.9321 49.8269
-44.8247 47.5609
-95.4647 -29.9264
-34.8093 -2.54479
14.8662 -26.2432
-18.0491 62.8563
31.9511 -48.7063
-4.73838 -86.067
-28.2653 69.8166
19.1483 -18.296
-87.5563 74.5952
59.7287 -71.3404
21.2219 -64.38
-88.7961 -80.5727
41.8399 78.1013
51.1567 -82.9496
-24.2324 89.5699
-14.3695 -16.4883
-9.79797 -90.6555
53.9974 -77.801
4.24519 57.0156
14.8015 28.318
22.5503 -99.2176
72.0073 81.7899
45.7847 -5.10944
-79.8236 -97.1062
-82.8174 -54.0151
-62.974 -89.6771
-31.6535 -28.4871
96.0735 -66.0583
-55.1433 -6.11223
52.3455 -35.8618
8.21161 53.0397
98.0416 -21.6955
13.6397 -50.3121
26.5686 -49.1845
-65.3013 -4.44526
41.0199 64.2876
-71.4695 16.0743
90.9069 -20.1495
-30.1391 -39.7912
20.7949 99.1053
35.0014 56.7703
-50.6541 50.0385
-71.7491 91.4631
89.5411 3.02292
-91.1201 22.1983
42.8143 62.4825
-26.0248 -2.94545
71.3944 -46.4223
46.1357 -65.5997
41.8139 97.9877
-45.7858 98.3244
79.0109 -47.4517
-26.5616 -79.2565
46.1722 67.5137
42.1953 92.5851
87.8236 21.357
-79.3492 -45.2161