1 -59 76 3
2 69 -26 -54
3 -79 -88 -72
4 43 -23 -95
5 66 44 12
6 -11 81 -17
7 -97 -91 -70
8 32 -17 53
9 -9 21 35
10 -77 -80 97
11 -80 -82 -2
12 -19 -40 -87
13 40 69 51
14 -55 61 -7
15 67 83 86
16 -59 -34 -27
17 13 -66 -80
18 7 0 95
19 38 96 -20
20 -7 93 75
21 -45 -80 -20
22 -67 -13 57
23 96 -2 69
24 36 10 -13
25 -89 -4 -51
26 -26 32 47
27 -28 31 32
28 61 65 -45
29 -37 82 42
30 40 -38 78
31 -40 -22 4
32 -33 10 -69
33 -62 -28 -85
34 -41 -91 61
35 -84 11 92
36 -19 8 -5
37 16 -25 97
38 -98 91 78
39 -61 -100 -56
40 -4 -28 -70
41 -33 -76 16
42 44 -56 -56
43 38 -3 -89
44 93 -86 45
45 -43 -84 -3
46 -87 53 -59
47 18 -19 81
48 -74 -85 32
49 -29 -35 -51
50 10 1 -4
51 91 -78 70
52 66 32 -77
53 -4 -71 -31
54 -53 24 28
55 -13 -65 -59
56 -49 -42 -79
57 85 -71 -60
58 -17 28 66
59 74 2 -88
60 -16 71 63
61 -60 11 -47
62 90 -13 100
63 -34 70 -63
64 -35 10 -81
65 26 72 19
66 -91 -61 85
67 0 -33 -62
68 79 -59 65
69 -2 -77 -63
70 100 -15 53
71 94 54 -85
72 -53 15 40
73 80 84 -22
74 -28 72 80
75 69 -44 -89
76 -25 92 86
77 -22 -2 25
78 -95 -8 -5
79 -30 -78 71
80 5 -54 -69
81 -92 -41 0
82 10 19 61
83 17 75 -39
84 -46 22 -79
85 52 56 -73
86 34 -69 -38
87 82 -8 21
88 -58 26 -91
89 73 -61 -29
90 59 72 -29
91 40 35 54
92 -32 -50 -41
93 88 -2 -1
94 36 73 -85
95 35 41 80
96 42 78 33
97 -38 -66 54
98 -30 -25 -61
99 84 79 49
100 44 94 4
101 -23 74 57
102 50 19 3
103 -83 -33 -96
104 -35 96 71
105 -90 35 -41
106 62 99 -33
107 -96 -33 -63
108 51 68 -15
109 93 -20 -19
110 15 46 -75
111 67 -99 94
112 -94 -76 -57
113 61 69 58
114 -98 -8 -66
115 -70 54 8
116 55 -77 -59
117 -8 -82 81
118 -39 29 -57
119 -21 24 -19
120 22 -6 51
121 8 49 18
122 -86 85 52
123 62 8 68
124 25 -76 64
125 22 47 21
126 -28 -48 -17
127 58 49 -6
128 -44 -31 55
129 52 -93 46
130 93 -32 -4
131 89 46 -49
132 -41 75 31
133 -50 57 -19
134 37 -15 10
135 55 -45 7
136 16 -13 -62
137 -32 90 79
138 -21 76 -88
139 36 15 69
140 -77 97 11
141 -51 -4 -82
142 -44 -88 67
143 -50 42 37
144 31 100 -39
145 -8 19 2
146 -80 100 -75
147 -66 -20 -87
148 -68 -98 -56
149 -51 -12 40
150 -74 -18 17
151 -20 15 -56
152 87 46 72
153 -15 55 -45
154 -19 33 58
155 -87 23 -86
156 -63 87 98
157 6 17 66
158 34 -90 -86
159 29 -23 84
160 -55 29 -16
161 -57 -99 -82
162 -30 -70 -98
163 -88 0 -99
164 70 -3 79
165 -32 -12 23
166 -26 19 96
167 45 64 -42
168 -81 72 -24
169 -95 -75 -33
170 -82 80 -80
171 -52 -87 -58
172 -50 -62 -45
173 16 48 70
174 61 47 -75
175 -36 -9 24
176 43 -80 95
177 29 -93 -8
178 -3 -39 13
179 -55 -17 -92
180 -87 3 37
181 89 17 29
182 -52 9 8
183 57 62 72
184 96 -58 -96
185 30 -87 -46
186 1 -82 11
187 -16 -9 92
188 56 51 -85
189 -68 58 -30
190 -38 -46 -97
191 28 22 2
192 -91 9 43
193 27 -12 86
194 7 94 -22
195 67 87 -79
196 -12 51 -2
197 -80 49 95
198 -29 7 78
199 -83 35 -48
200 -26 -88 -68
201 -64 -21 -72
202 -25 53 37
203 -95 82 -82
204 76 30 -75
205 32 12 69
206 89 33 -29
207 -71 -98 29
208 84 26 78
209 28 -4 -98
210 -1 42 59
211 57 32 -23
212 -95 -26 24
213 23 16 44
214 52 56 -90
215 91 -33 -29
216 73 55 -93
217 -88 -42 73
218 43 4 13
219 41 57 43
220 96 -100 77
221 -39 -30 -43
222 -82 59 -93
223 35 -98 34
224 16 37 68
225 39 21 62
226 -90 -43 6
227 47 68 -38
228 -91 -66 -30
229 -65 95 100
230 -15 -25 -71
231 -1 -53 15
232 -60 73 -27
233 -4 74 -24
234 -19 -43 -3
235 -12 -36 -75
236 -7 -79 -54
237 -44 29 -58
238 1 16 51
239 -22 52 66
240 -39 53 50
241 4 -85 82
242 -91 54 -29
243 -40 87 47
244 -20 51 32
245 2 66 94
246 92 17 81
247 57 76 100
248 -80 -62 70
249 -41 86 61
250 87 -23 16
251 49 -35 -49
252 -52 30 82
253 78 32 54
254 83 -73 51
255 -83 63 -72
256 -85 53 -82
257 52 10 43
258 -65 46 38
259 -72 -64 -79
260 -22 29 75
261 -2 32 -76
262 -42 81 -14
263 -95 1 16
264 50 -95 85
265 -24 -13 10
266 80 24 -7
267 45 33 14
268 -20 46 -34
269 10 -97 -96
270 2 69 -30
271 -76 43 -3
272 -57 20 -19
273 -98 64 -15
274 21 -46 -53
275 -63 -51 -8
276 -32 -25 -74
277 -65 -76 -38
278 -59 -61 48
279 25 34 -57
280 8 -57 -28
281 24 -36 -21
282 44 -17 57
283 -37 97 -39
284 65 -85 -81
285 -83 -15 81
286 49 11 26
287 40 53 53
288 -99 -25 66
289 93 -58 -66
290 27 -61 2
291 10 86 39
292 -74 23 -73
293 -78 52 73
294 86 48 -31
295 -44 93 75
296 9 -45 76
297 -88 75 31
298 -65 -95 89
299 -56 -42 -4
300 76 -72 44
301 48 -76 -24
302 86 22 -91
303 76 -11 -88
304 -27 -41 59
305 14 7 -48
306 -46 -64 33
307 73 31 23
308 88 -35 62
309 -41 9 43
310 79 5 -97
311 -54 12 40
312 -39 8 44
313 -87 26 -42
314 -73 2 34
315 -58 35 -67
316 77 -61 -76
317 -38 43 43
318 45 -95 -93
319 63 -49 39
320 -33 -78 9
321 -75 -29 -75
322 70 59 85
323 -42 -58 -93
324 47 84 59
325 -23 12 15
326 -43 -72 -41
327 -45 65 -54
328 -24 -35 -34
329 -23 54 -77
330 -76 -92 22
331 -72 52 8
332 86 -7 -30
333 -37 31 -34
334 89 35 21
335 47 -75 -25
336 64 83 83
337 -21 89 24
338 43 44 -35
339 34 -42 92
340 -96 -52 -66
341 64 14 -87
342 25 -61 -78
343 83 -96 -18
344 95 83 -93
345 -28 75 49
346 87 65 -93
347 -69 -2 95
348 -24 -36 -61
349 -71 88 -53
350 -93 -51 -81
351 -65 -53 -46
352 -56 6 65
353 58 19 100
354 57 61 -53
355 44 -58 48
356 -8 80 -88
357 72 37 45
358 -9 -75 1
359 -2 63 41
360 1 73 6
361 95 12 70
362 -46 -22 -8
363 47 28 -58
364 -4 -39 47
365 -87 38 75
366 53 19 20
367 -75 6 -38
368 99 0 83
369 -17 10 -73
370 -59 -45 -72
371 99 -14 -87
372 -28 -63 -53
373 73 89 -50
374 97 17 -69
375 -29 -88 -17
376 -28 96 26
377 -100 94 -36
378 -27 38 -74
379 69 8 1
380 -83 -40 -82
381 -9 73 -13
382 83 29 65
383 -91 -38 -89
384 -44 -61 -45
385 -54 -28 32
386 99 62 -76
387 -66 -50 -60
388 -7 -29 55
389 -44 -90 22
390 21 -19 -84
391 86 -50 7
392 -18 10 54
393 -73 8 -45
394 35 -82 68
395 -71 26 39
396 -51 32 89
397 78 38 87
398 48 36 -6
399 -93 97 -91
400 21 -91 95
401 -58 50 98
402 26 12 -4
403 -83 -21 -78
404 2 38 30
405 69 71 -79
406 36 57 -65
407 62 -35 -82
408 36 -30 58
409 -72 15 -62
410 -28 38 -12
411 93 -80 -30
412 41 -22 -55
413 -43 11 -38
414 51 -31 -93
415 -86 23 62
416 -17 14 38
417 -13 94 -1
418 38 1 3
419 79 40 -2
420 54 16 -27
421 26 -93 11
422 -96 -21 91
423 -96 -80 -70
424 97 93 -8
425 86 65 -59
426 -86 -40 -7
427 9 3 75
428 57 -78 38
429 94 -19 3
430 -46 80 -10
431 86 -3 100
432 56 14 -18
433 -64 45 45
434 -11 -20 93
435 -56 25 -90
436 73 52 18
437 -39 50 -12
438 17 12 -93
439 90 -94 -97
440 1 33 -91
441 37 -53 91
442 -22 29 67
443 -75 -5 42
444 46 -32 17
445 78 1 52
446 -92 -58 -1
447 -7 75 8
448 80 -74 84
449 -81 13 -31
450 16 83 55
451 -58 -97 -13
452 -60 -38 67
453 -77 -53 78
454 -89 -45 81
455 29 68 -50
456 -7 43 -88
457 -85 -14 94
458 42 -16 -28
459 -89 -63 -28
460 6 17 -52
461 34 94 4
462 78 93 39
463 34 16 49
464 80 95 19
465 -36 19 -16
466 46 72 22
467 33 27 12
468 42 79 84
469 -77 -8 -94
470 13 -11 -14
471 76 -94 90
472 46 -12 73
473 -52 -20 28
474 12 6 8
475 89 -80 14
476 -4 -24 53
477 53 -9 43
478 -35 56 41
479 70 -5 -8
480 -34 -33 83
481 24 -80 -5
482 -87 -59 11
483 -45 63 12
484 -13 53 56
485 -69 41 72
486 -63 84 12
487 -52 26 45
488 -18 -29 -55
489 -83 -69 -27
490 -7 -88 91
491 58 21 -8
492 50 11 4
493 17 58 59
494 -68 -40 -73
495 29 -26 -72
496 58 -55 -89
497 -6 -55 26
498 -86 -46 49
499 25 -82 -99
500 -74 -92 -100